37701   14.79   4.46   9.79    -741.02       1291       2373   -0.02209     0.1042     -304.7
37761   14.79   3.46  10.79    -636.96       1211       2033   -0.01645    0.09055     -305.9
38135   15.79   6.46  10.79    -609.13        925       2005   -0.02852   -0.08881     -165.9
37989   14.79   6.46  10.79    -603.19        492       1678    0.06998     0.2581     -157.5
37847   12.79   5.46  10.79    -595.52        563       1623   -0.07944    0.02603     -148.5
38045   17.79 -12.54 -18.21    -594.76        406       1401    -0.1222    -0.7496     -137.6
38247   24.79  20.46 -19.21    -590.72        614       1841   -0.03857    -0.3077     -79.12
37828   36.79 -17.54   1.79    -579.06        357       1259    -0.1681    -0.8804     -141.4
38409   14.79   3.46  11.79    -575.88        976       1814  -0.004794    -0.2507     -231.7
38286   13.79   7.46  10.79    -574.13        423       1631     0.0242     0.2175     -104.7
37905   16.79   7.46  11.79    -573.38       1131       1753   -0.08103    -0.3649     -289.3
38054   18.79   5.46  11.79    -572.74       1061       1988    0.03606    -0.3291     -202.9
37766   18.79  -2.54  12.79    -569.95        802       1711    0.02687   -0.03174     -213.5
37943   25.79  -4.54 -25.21    -569.45        209       1085   -0.01725    -0.4368     -200.8
38013   21.79  -6.54 -24.21    -569.21        418       1143   -0.03412    -0.5319       -253
38061   14.79   0.46  11.79    -568.20        721       1607    0.05145     0.1212     -232.9
38370   24.79 -14.54 -18.21    -566.10        735       1693    -0.0599    -0.3301       -155
38268   17.79  -0.54  11.79    -564.29       1124       1975   -0.02618   0.009586     -216.3
38128   13.79  -0.54  10.79    -558.52        724       1753   -0.04908    -0.2595     -124.4
38316   18.79   2.46  13.79    -557.62        389       1333   0.008241    -0.2574     -174.8
38297   17.79   6.46  12.79    -556.16        382       1641    0.01172    -0.2173     -49.56
38196   16.79  -3.54  12.79    -555.40        667       1452  6.084e-05   -0.03015     -240.5
38172   18.79   6.46  11.79    -554.82        873       1814    0.02093    -0.2888       -176
37877    8.79   7.46   8.79    -552.53        707       1794    0.09024     0.2826     -153.3
38337   13.79   0.46  11.79    -550.65        670       1537   0.003431    0.01193     -205.2
38121   15.79   8.46  11.79    -548.88       1005       1695   -0.05017    -0.1871     -252.2
38336   29.79  -6.54 -22.21    -546.16        534       1382   -0.09111    0.04711       -181
38144   13.79   5.46  11.79    -542.61        529       1459   0.002504    0.01151     -171.7
37879   10.79   2.46  11.79    -539.54        310       1402    -0.1339    -0.5685     -45.51
38051   14.79   8.46  12.79    -537.87        314       1210   -0.02673     -0.416       -159
38301   25.79  -3.54 -25.21    -534.91        297       1082   -0.03518    -0.0201     -209.8
37884   15.79  -6.54  13.79    -534.68        286       1143   -0.02992   -0.07801     -180.6
37961   16.79  10.46  12.79    -534.15        263       1161  -0.007629    -0.3073     -163.4
37846   20.79 -12.54 -19.21    -529.95        691       1503     0.0199   -0.04535     -209.8
37872   21.79  -9.54  13.79    -528.99        210       1119   -0.09001    -0.3851     -126.8
38159   21.79  -5.54 -25.21    -528.86        277       1042   -0.04383    -0.1687     -204.6
37915   17.79   5.46  11.79    -528.02        919       1817   -0.02671    0.06736     -162.8
37911   18.79 -11.54 -20.21    -527.28        316       1209   -0.03992    -0.6487     -138.6
38044   13.79   0.46  11.79    -526.49        370       1406   -0.06622    -0.1785     -86.87
37729   14.79  -2.54 -23.21    -526.46        429       1455   -0.09886     -0.548     -69.96
37908   15.79   6.46  11.79    -526.33        707       1580    0.01459    -0.2452     -174.1
38062   23.79  -9.54 -21.21    -526.23        533       1388   -0.02973    0.02256       -176
37737   11.79   1.46  11.79    -525.67        637       1562   -0.02436    -0.4513     -134.8
38231   32.79  -8.54 -21.21    -525.53        257       1135   -0.04308    -0.6861     -140.8
38410   15.79   4.46  11.79    -524.70        448       1548    -0.1064    -0.2703     -44.68
38076   18.79   6.46  12.79    -523.67        502       1643    0.00481    -0.3367     -58.61
38408   10.79 -12.54 -15.21    -523.04        782       1526   -0.02547    -0.2103     -211.5
37983   43.79  -2.54 -13.21    -520.91        614       1534    -0.0608    -0.6477     -115.2
38115   16.79 -11.54 -18.21    -517.94        677       1590     0.0411    -0.3499     -154.6
37985   26.79 -10.54 -20.21    -517.70        986       1698   -0.09887    -0.7458     -180.9
38185   31.79 -21.54  -8.21    -516.24        328       1236    -0.1057    -0.3083     -112.1
37831   16.79   4.46  13.79    -516.22        417       1322    -0.0275     -0.154     -141.3
38173   32.79  -0.54 -22.21    -515.21        602       1472   -0.02956    -0.4483     -144.9
38404   34.79 -20.54  -5.21    -514.79        404       1232    -0.1483    -0.5335     -123.1
37978   16.79   6.46  12.79    -507.07        506       1398   -0.05479    -0.2738     -125.6
38371   10.79   2.46  11.79    -505.47        484       1445    -0.1426    -0.5526      -61.7
38238   34.79  -4.54 -21.21    -504.48        287       1144   -0.04634    -0.3853     -136.2
38249   14.79  10.46  11.79    -503.65        620       1567     0.0171     -0.269     -121.9
37878   25.79 -14.54 -18.21    -503.34        830       1709   0.000128     -0.131     -147.8
38276   21.79  -8.54 -20.21    -502.08       1606       2000   -0.06639    0.02943     -325.4
37916   31.79  -6.54 -22.21    -501.82        289       1211   -0.02284     0.2111     -132.5
37721   10.79   6.46   9.79    -501.29        839       1715    0.06915     0.2499     -179.1
38383   13.79  -5.54  12.79    -499.91        599       1373  -0.004102    -0.1847     -183.5
38127   37.79  -8.54 -18.21    -499.25        447       1443   -0.05308    -0.6859     -64.35
37727   22.79  -5.54 -25.21    -498.33        313       1080   -0.01593    -0.4585       -173
38207   16.79  11.46  10.79    -498.31        674       1637   -0.08662   -0.08586     -84.54
37743   36.79  -1.54 -20.21    -497.86        461       1345   -0.06119    -0.4771     -111.6
38248   32.79 -20.54  -0.21    -497.68        268       1135   -0.08197    -0.3045     -117.2
37977   16.79   3.46  14.79    -496.66        353       1287  -0.002035    -0.3272     -112.6
37722   30.79 -21.54  -7.21    -496.36        645       1501   -0.04233    -0.2286     -134.4
38352   22.79 -10.54  11.79    -495.96       1142       1785   -0.07622    -0.1377     -211.8
37704   34.79 -20.54  -5.21    -495.27        543       1298    -0.1235    -0.4288     -143.4
38388   18.79   7.46  11.79    -494.75       1076       1849   -0.02808    -0.3386       -167
37780    2.79  -5.54 -12.21    -493.67        460       1331     -0.222      -0.21     -72.37
38022   33.79  -7.54 -21.21    -492.13        314       1102   -0.04866     -0.572     -145.2
38414   17.79  -5.54  13.79    -491.42        391       1300   -0.02017   -0.07404     -119.5
38393   16.79   8.46  11.79    -491.27        441       1474   0.009482   -0.05543     -79.25
38242   18.79  12.46  12.79    -490.21        272       1117    -0.0443    0.03872     -140.1
38133   16.79   4.46  12.79    -489.56        477       1346   0.004727     0.1167     -146.9
38214   14.79   9.46  12.79    -489.28        579       1491     0.0115    0.08111     -130.4
37932   17.79  15.46  11.79    -488.56        401       1353   -0.06399    -0.1211     -84.94
38357   11.79   6.46   9.79    -488.02        725       1862     0.1596     0.5783     -98.45
38255   19.79   6.46  11.79    -487.57        430       1542    0.02776     0.5398      -67.3
37714   22.79 -17.54   7.79    -486.59        440       1318   0.006773     0.1036     -140.5
38384   15.79  -8.54 -20.21    -485.12        762       1573   0.006701   -0.03111     -161.8
37861   41.79  10.46 -17.21    -485.04        333       1289   -0.02557    -0.2885     -86.32
37740   16.79   2.46  13.79    -484.80        386       1155   0.002084    -0.2666     -169.8
37720   23.79 -10.54 -20.21    -484.25        932       1786   0.008752    -0.0296     -144.4
38049   19.79   7.46  13.79    -483.94        652       1392   -0.03173    -0.1192     -174.8
38164   12.79 -13.54 -15.21    -483.85        472       1355    0.03738    -0.2446     -134.5
38162   23.79  -5.54 -24.21    -483.82        383       1122  -0.003982     0.0229     -187.7
38087   21.79  -4.54 -24.21    -482.84        354       1159   -0.03343    -0.1273       -147
38016   23.79  -7.54  14.79    -482.82        682       1365   -0.07737    -0.4817       -172
38344   29.79 -11.54  12.79    -482.79        289       1199    -0.1159      -0.49     -69.34
38320   34.79 -12.54   9.79    -482.40        303       1179     -0.141    -0.8346     -64.67
38257   16.79  -4.54 -23.21    -482.00        690       1406    -0.0606    -0.6563     -157.7
38329   27.79  -6.54 -25.21    -481.21        256       1012  -0.008204    -0.1495     -171.9
37716   19.79 -11.54  12.79    -480.10        371       1165     -0.081    -0.2132     -131.8
37820   42.79   0.46 -16.21    -478.60        340       1264    0.03828     0.1629     -125.4
38213   19.79 -16.54   9.79    -477.25        380       1188   -0.06971    0.01441     -133.6
38313   13.79   2.46  13.79    -477.08        327       1240    0.01959    -0.4068     -105.6
38306   28.79 -17.54   7.79    -477.02        401       1088   -0.07144     -0.239     -173.6
38385   12.79   3.46  11.79    -476.99        568       1514   0.006287    -0.2993      -91.5
37840   12.79  13.46   8.79    -476.85       1112       1774   -0.08375    -0.4735     -172.7
37817   25.79  22.46 -17.21    -476.14        419       1507    0.02709    -0.1197     -45.47
37748   41.79   5.46 -19.21    -475.80        273       1033   -0.07487    -0.1259     -145.6
37827   13.79 -11.54 -17.21    -475.44        551       1288   0.004464    -0.4533     -168.4
37922   25.79  -8.54 -23.21    -475.20        670       1238  -0.009914    -0.0682       -243
38340   14.79  -4.54  13.79    -474.77        311        966   -0.04594    -0.1766     -193.7
38153   16.79 -10.54  13.79    -474.76        249       1050    -0.0526    -0.1772     -133.3
38170   14.79   5.46  12.79    -474.18        627       1424   -0.07606    -0.3032     -123.5
38146   30.79 -14.54   9.79    -473.65        600       1454    0.01216     0.2207     -142.3
38424   15.79 -17.54   6.79    -473.61        143       1067   -0.04956    0.08214      -91.6
37869   25.79  -4.54 -24.21    -472.88        599       1214   -0.02723    -0.1066     -215.5
38221   18.79   4.46  13.79    -472.88        293       1266    0.01261     0.1438     -91.77
38434   29.79 -14.54   9.79    -472.45        713       1516    0.01506   -0.09387       -153
38234   41.79   4.46 -18.21    -472.13        301        999   -0.03015    -0.1222     -180.2
37889   18.79  11.46  12.79    -472.09        522       1343   0.007824    -0.1406     -141.8
37903   17.79   2.46  13.79    -471.19        276       1126   -0.03282     0.0911     -124.1
37998   13.79   9.46  10.79    -470.31        708       1485    0.01014     0.1644     -167.5
37951    7.79  16.46   8.79    -470.01        233       1156   -0.03138    0.03992     -92.59
37862   -1.21  -1.54 -10.21    -469.82        248       1254    -0.1481   -0.07299     -20.82
38066   33.79 -17.54   4.79    -469.53        355       1095   -0.07944      -0.27     -141.6
37725   33.79  24.46  -1.21    -468.75        400       1262   -0.06647    -0.2253     -97.25
37776   20.79 -18.54   8.79    -468.36        281       1013   -0.06542    0.07102     -158.1
37917   13.79   1.46  11.79    -468.27        796       1482   -0.03029   -0.08042     -182.4
37784   13.79   9.46  11.79    -467.57        700       1438   -0.02213     0.1432       -170
37775   18.79  15.46  11.79    -467.56        348       1366   -0.02669     0.0386     -53.51
38179   36.79 -16.54   1.79    -467.34        429       1422    0.03017    0.05509     -80.84
37744   30.79 -21.54   3.79    -466.97        280        926   -0.07877    -0.3022     -175.9
38191   16.79   4.46  13.79    -466.93        343       1103   -0.01605    0.05547     -159.8
38188   22.79  -6.54 -24.21    -466.87        458       1086   -0.03441     -0.215     -198.9
38032   29.79 -15.54   9.79    -466.73        648       1366   -0.03636    -0.3322     -158.7
38335   17.79   5.46  12.79    -466.16        500       1390   -0.05546  -0.001521     -93.48
38263   12.79  10.46  11.79    -466.04        577       1314    0.01106     0.1384     -178.7
38416   14.79  11.46  11.79    -465.86        382       1229    -0.1378    -0.4537     -72.13
37791   19.79   4.46  12.79    -465.01        679       1605   -0.01617     0.1024     -92.82
38378   34.79 -14.54   8.79    -464.86        395       1212    -0.1609    -0.7955     -65.94
37969   23.79 -16.54 -17.21    -464.81        482       1391   -0.07413    -0.4388     -65.81
38265   12.79  10.46  12.79    -464.44        370       1079   -0.02787    -0.3523     -161.9
38174   31.79 -10.54  12.79    -464.33        352       1262   -0.05833    -0.7485     -60.38
37735   11.79  -4.54  12.79    -463.85        565       1351    -0.0484    -0.4084     -122.7
37756   36.79  16.46   7.79    -463.19        442       1170   -0.08667     -0.585     -128.4
38394   25.79  -6.54 -25.21    -462.81        254        991 -0.0005564   -0.09867     -164.9
38149   41.79  13.46 -16.21    -461.53        559       1439   -0.02396    -0.2216     -95.69
38258   44.79   4.46 -15.21    -460.94        472       1110     -0.041    -0.1825       -188
37809    7.79  21.46   5.79    -460.90        253       1134   0.009136    0.05023     -112.7
37821   17.79  10.46  11.79    -460.83        677       1552   -0.02691    0.02091     -103.4
38423   14.79   7.46  11.79    -459.64        622       1551   -0.03414     0.1739     -83.01
38017   25.79  -9.54 -21.21    -459.45        726       1587   0.006827    -0.1473     -112.7
38232   14.79 -14.54   8.79    -458.49        362       1291   0.001453   0.005795      -87.5
38119   17.79   3.46  12.79    -458.47       1084       1653   -0.02975   -0.02204     -221.3
38039   16.79  11.46  11.79    -458.46        510       1471    -0.1046    -0.0838     -40.17
38063    6.79  20.46   4.79    -457.95        366       1297    0.05466     0.1672       -107
38277   14.79   4.46  11.79    -457.67        770       1529   0.003292    0.05835     -156.8
38266   17.79   3.46  12.79    -457.23        731       1582   -0.03838    -0.1524     -100.7
37807   10.79 -11.54   8.79    -456.99        642       1409  -0.004451    -0.1127     -145.5
38332   23.79  -4.54 -25.21    -456.62        256        986   -0.01695    -0.3662     -148.6
37886   14.79   9.46  12.79    -456.48        540       1307    -0.0376    -0.1375     -134.3
38082   18.79  -5.54 -25.21    -455.85        445       1126   -0.03298    -0.3276     -163.7
37812   17.79  -4.54  15.79    -455.68        353       1011   -0.08717    -0.4857     -151.8
38369   18.79   8.46  14.79    -455.13        306       1074   -0.03625    -0.3182     -127.5
38020   22.79  -0.54 -26.21    -455.13        381       1161    0.02051    -0.0215     -148.6
37856   16.79  -8.54  12.79    -454.77        665       1399   -0.03338    0.06393     -153.1
38429   29.79 -10.54  13.79    -454.00        289       1169    -0.0127   -0.07066     -96.06
37964   35.79   1.46 -20.21    -453.80        861       1618  0.0009715    -0.1758       -146
38305   19.79  16.46 -24.21    -453.70       1347       1920   -0.04326    -0.4734     -197.3
37715   25.79 -10.54 -23.21    -453.50        269       1031   -0.07644    -0.6851     -105.2
37770   15.79   2.46  11.79    -453.01        543       1458   0.002086     0.1982     -93.58
38361   17.79   5.46  13.79    -452.98        793       1507    0.02104    -0.1502     -169.2
38007   35.79  20.46   4.79    -452.70        648       1361   -0.05766    -0.2755     -141.9
37798   17.79   9.46  11.79    -452.47        973       1713   0.004322     0.2272     -164.6
38126   19.79  -0.54  13.79    -452.25        678       1490    0.04582    -0.1737       -136
38318   17.79   9.46  11.79    -452.13        674       1555   0.005978    -0.2806      -93.1
37855   32.79 -11.54  11.79    -452.02        231       1130    -0.1082    -0.6158     -41.47
37849   28.79  25.46 -10.21    -451.79        428       1371   -0.07315    -0.6701     -32.55
38284   38.79  -0.54 -22.21    -451.72        241       1007   -0.03191    -0.1684     -130.7
38134   24.79 -10.54 -21.21    -451.14        489       1227  -0.001685   -0.07025     -153.3
37767   35.79   5.46 -22.21    -450.73        456       1329   0.001293     -0.412     -89.56
37938   21.79  -6.54 -25.21    -450.66        538       1198   0.005382    -0.2817     -179.8
38138   27.79  -6.54 -25.21    -450.22        325       1076    0.03316      0.438     -172.9
38382   23.79  -6.54 -23.21    -450.21        674       1334   -0.02468    -0.3366     -168.7
38069   21.79  27.46   0.79    -450.20        107       1166   -0.05054    -0.3464     -1.046
37959   27.79  21.46 -19.21    -449.46        502       1349   -0.06072    -0.2075     -86.22
38028   14.79  10.46  12.79    -449.08        393       1238   -0.00102    -0.1587       -106
37864   24.79  -0.54 -25.21    -448.54        716       1478    0.03227     0.2205       -160
37779   34.79  25.46   0.79    -448.44        191       1020   -0.06271    -0.5198     -82.43
38420   23.79  -8.54 -24.21    -448.36        243        966  -0.001815     0.1957     -164.5
37963   16.79  13.46  11.79    -447.92        509       1364    0.02182   -0.07643     -110.2
38330   40.79   5.46 -19.21    -447.61        429       1091   -0.08415    -0.3762     -146.3
38108   40.79   2.46 -19.21    -447.47        291       1065   -0.03889    -0.1257     -122.4
38130   16.79   2.46  11.79    -446.78        828       1691  0.0008975      0.256     -109.5
37930   13.79   5.46  12.79    -446.56        670       1420     -0.107    -0.2933     -105.7
38273    1.79   6.46 -18.21    -446.05        438       1208    -0.1429    -0.4358      -82.1
37992   25.79  -9.54 -24.21    -445.99        421       1082   -0.01804    0.09446       -179
38106   19.79  -5.54 -24.21    -445.31        602       1172   -0.07175    -0.1508     -191.3
37853   33.79 -22.54  -1.21    -444.37        363       1023    -0.1118    -0.3558     -136.2
37896   16.79   4.46  12.79    -444.27        556       1437    0.00785    0.07522     -96.49
38201   17.79   6.46  12.79    -444.23        439       1268  0.0004368   -0.05238     -111.2
38208   20.79 -12.54  11.79    -443.98        384       1161   -0.02813     0.0903     -127.4
38077   40.79  14.46 -19.21    -443.69        188        981   -0.02035    -0.1899     -114.7
37804   43.79   4.46 -17.21    -443.16        217        894  0.0006895    -0.1092     -169.3
37760   25.79  -7.54 -24.21    -442.70        214        876    -0.1336   -0.02308     -137.1
37730   25.79 -13.54  11.79    -442.41        406       1175   -0.06657    -0.2776     -106.5
38152   24.79   0.46 -26.21    -441.82        306       1128    0.04125     0.2385     -132.6
37972   37.79 -18.54  -4.21    -441.35        440       1194    -0.1276     -0.617     -82.96
37900   42.79   6.46 -17.21    -440.82        453       1097   -0.04486    -0.1793     -164.4
38407   16.79   6.46  13.79    -440.79        357       1093   -0.04659   -0.06612     -130.4
38244   18.79  -7.54  14.79    -440.08        440       1129   -0.03943    -0.2849     -144.1
38279   22.79  -9.54 -21.21    -440.02        414       1313   -0.07782    -0.1431     -52.78
38009   15.79   4.46  12.79    -439.46        555       1416   -0.01864     -0.162     -84.61
38116   42.79   3.46 -18.21    -439.39        392       1017  -0.003774    0.03473     -189.3
37742   16.79   8.46  11.79    -438.97        762       1542    0.02171    -0.1978     -127.5
38211   13.79   9.46   9.79    -438.67        939       1879    0.06779     0.3376     -93.14
37974   11.79   9.46  10.79    -438.55        793       1653   -0.02591   -0.02911      -85.9
38365   17.79   1.46  13.79    -438.44        551       1533    0.02404      0.162     -57.72
38367   16.79  10.46  12.79    -438.41        365       1126   -0.01958   -0.08898     -125.5
37787   17.79  10.46  12.79    -438.23        858       1663    -0.0107     -0.113     -109.6
37970   29.79 -22.54   2.79    -437.56        437       1032   -0.04766   -0.03073     -184.3
37991   17.79  15.46  10.79    -437.36        803       1656   -0.01521    0.04797     -93.03
37888   33.79 -14.54   8.79    -437.20        411       1138   -0.06283    -0.4568     -113.9
37841   29.79  -9.54 -22.21    -437.19        397       1199    -0.0258     -0.616     -90.17
38072    7.79 -10.54 -14.21    -436.71        532       1301    0.05542    -0.1909       -140
37747   30.79 -23.54  -4.21    -436.58        305       1015    -0.1073   -0.09731     -117.5
38390   20.79 -18.54   7.79    -436.42        309       1044    -0.1192    -0.1859     -101.1
38006   22.79  -2.54 -25.21    -435.61        664       1334   0.001437        0.4       -180
38288   19.79  11.46  14.79    -435.57        207        971   -0.01952   -0.01981     -123.5
38399   23.79  -5.54 -24.21    -435.38        388       1043   -0.05242    -0.3678     -146.6
38298   26.79 -22.54 -10.21    -435.30        172        962     -0.117   -0.09787     -81.26
38002   29.79 -13.54  11.79    -435.15        308       1118   -0.07563    -0.3456     -78.09
37942   14.79 -19.54   1.79    -434.86        236       1029     -0.148   -0.07892     -70.89
38090   21.79  11.46  12.79    -434.75        360       1144     -0.112    -0.2745     -79.31
37825   16.79  -6.54 -23.21    -434.62        407       1092   -0.07365    -0.4291     -125.6
37815   20.79   7.46  12.79    -434.29        371       1274  -0.004669    0.05875     -73.45
38190   19.79  -9.54 -23.21    -434.10        158        868   -0.01422    -0.1641     -140.9
38412    7.79  19.46   7.79    -433.88        248        902  -0.008835    -0.1199       -166
37808   17.79  -6.54 -22.21    -433.87       1057       1678   0.001857    -0.3221     -176.4
38018   19.79 -14.54  10.79    -433.86        335       1113   -0.09871    -0.2192     -86.47
37793   14.79  10.46  11.79    -433.83        749       1337   -0.02493    -0.3078     -181.9
38094   34.79  -4.54 -22.21    -433.66        206        944    -0.1073     -0.594     -88.47
38380   42.79   4.46 -18.21    -433.61        547       1124    0.01625     -0.109     -204.4
37975   13.79 -10.54  12.79    -433.48        614       1405    0.01044     -0.135     -116.2
38339    9.79  10.46  11.79    -432.98        274       1060     -0.149    -0.4454      -60.5
37990   28.79  -7.54 -21.21    -432.83       1063       1672     0.0129    0.06978     -195.2
38217   19.79   7.46  14.79    -432.82        584       1299   -0.01653    -0.2287       -135
38105   16.79   9.46  11.79    -432.45        831       1544   -0.02398    -0.2194     -133.5
38113   38.79 -17.54  -7.21    -432.40        259       1092    -0.1221    -0.7267     -40.78
37865    9.79  10.46  10.79    -432.21        248        990  -0.003081    0.03258     -135.5
37882   19.79  15.46  12.79    -432.04        449       1140   -0.04446    0.04515     -143.7
37806   25.79  -3.54 -25.21    -431.89        357       1048   -0.05049    -0.4133     -127.9
37782   15.79   7.46  11.79    -431.87        848       1644    0.06995     0.1732     -139.6
37838   17.79   4.46  13.79    -431.00        394       1251   -0.01807     0.2236     -89.49
38168   12.79   6.46  11.79    -430.85        277       1134    -0.1202     -0.232     -45.03
38074   30.79 -17.54   8.79    -430.82        317       1101    0.06574     0.4553     -150.6
38323   33.79 -21.54  -5.21    -430.68        450       1200   -0.02426    -0.1369     -119.3
38040   14.79   5.46  11.79    -430.55        446       1599    0.01643       0.23      18.82
38271   33.79  -8.54 -20.21    -430.39        575       1408   -0.08996    -0.7025     -49.13
38296   41.79  11.46 -18.21    -429.77        317       1066   0.005369    -0.2465     -124.4
38377   28.79  -3.54 -23.21    -429.68        789       1414    0.01101   -0.08576     -180.4
37946   32.79 -17.54   7.79    -429.20        445       1067     -0.182    -0.7775     -102.5
38261   14.79   7.46  11.79    -428.75        545       1520    0.02192     0.1141     -48.75
38100   16.79  -6.54  14.79    -428.48        382       1002   -0.05731    -0.1961     -157.4
38422   20.79 -11.54 -21.21    -428.46        895       1392   -0.04284    -0.4956     -201.9
37971   31.79  25.46 -15.21    -428.25        217        990   -0.01444    -0.2231       -108
37854   14.79  10.46  10.79    -428.22        458       1376   -0.01579     0.1965     -62.17
38270   10.79  18.46   7.79    -427.96        464       1170    -0.0598    -0.2175     -121.1
37753   28.79  -4.54 -25.21    -427.83        300        970    0.01733   0.007556     -165.3
37786   12.79   5.46  13.79    -427.08        499       1188    -0.1045     -0.177     -114.8
38102   12.79  15.46  11.79    -426.47        501       1170   -0.06403   -0.03684     -138.6
38280   25.79 -10.54 -23.21    -426.17        500       1058    0.01581      0.257     -215.4
37728   10.79   6.46  10.79    -425.90        439       1389     0.1063     0.3274     -87.62
38342   15.79   9.46  11.79    -425.89        801       1510    0.01692   -0.03844     -146.2
38356   21.79 -10.54 -21.21    -425.56        889       1518   -0.02154    -0.1134     -164.1
38021   10.79   9.46   8.79    -425.41       1067       1829     0.1003     0.2425       -158
37850   23.79 -10.54 -24.21    -424.65        410       1105   -0.03847    0.04738     -136.5
38047   18.79   2.46  13.79    -424.10        391       1279    -0.0262     0.0417     -62.29
37966   17.79   6.46  11.79    -423.71        664       1846   -0.09187    -0.3296      86.54
37858   14.79  11.46  12.79    -423.48        451       1100    -0.1594    -0.3897     -104.4
38392   30.79 -22.54  -1.21    -423.35        408        936    -0.1211    -0.4405     -162.6
37948   42.79   8.46 -19.21    -423.29        261        947   -0.01208    -0.1334     -141.3
37712   14.79  10.46  11.79    -422.77        404       1051    -0.0206    0.00475     -157.9
38289   25.79  24.46 -16.21    -422.42        452       1330   -0.08773   -0.07951     -42.52
38223   17.79   9.46  12.79    -422.40        852       1427    0.02358    -0.2444     -192.1
37890   24.79  -6.54 -24.21    -421.55        559       1125   -0.04675    0.04704     -182.5
38117    4.79  10.46 -22.21    -421.34        168       1014    -0.1111    -0.3558     -38.95
38055   20.79 -11.54 -22.21    -420.73        250       1043   -0.01931    -0.3789     -86.37
38237    7.79   8.46   8.79    -420.69        691       1513    0.04282     0.1038     -107.8
37907   13.79  12.46  13.79    -420.67        374       1062   -0.04853     -0.358     -120.2
37982   19.79  -2.54  13.79    -420.56        800       1510   -0.01029    0.07163     -135.6
37899   11.79  -1.54 -24.21    -420.52        441       1218    -0.1016    -0.5201     -63.66
38198   16.79 -14.54   9.79    -420.16        522       1168    -0.1384    -0.4831     -105.8
38430   15.79   7.46  11.79    -418.42       1069       1709     0.0396     0.1134     -177.7
38095    6.79  19.46   6.79    -417.86        593       1250   -0.01615   -0.02712     -149.4
37910    9.79  17.46   7.79    -417.84        347       1172   -0.05006    -0.2068     -66.62
37746   25.79  -6.54 -24.21    -417.45        538       1119    -0.0509    -0.3599       -159
37833   39.79  21.46  -0.21    -417.42        745       1491    0.01616     0.1076     -127.1
38109   15.79  14.46  11.79    -417.08        536       1340    0.01172   -0.08207     -96.54
38432   11.79   8.46  12.79    -416.87        368       1086   -0.04194    -0.1251     -113.3
38081   26.79 -15.54  11.79    -416.78        218        831     -0.017    -0.1548     -161.8
37848   28.79  -7.54 -24.21    -416.76        439       1081    0.06768     0.2475     -187.7
38311   15.79   5.46  13.79    -416.02        624       1240   -0.01424    -0.3156     -155.9
38398   27.79 -24.54  -5.21    -415.77        144        906   -0.03283   -0.02912     -100.3
38275   16.79   7.46  11.79    -415.53        544       1469  0.0006237     0.1891     -51.39
37956   13.79  18.46  10.79    -415.18        763       1376   -0.05659   -0.06899     -150.9
38015   21.79  -3.54 -25.21    -414.89        627       1238     0.0409    -0.2727     -174.6
38402   24.79  -5.54 -24.21    -414.13        152        847   -0.01827    -0.1279     -126.8
38060   24.79  -6.54 -24.21    -413.51        391        937   -0.08404     0.1426     -174.2
37773   15.79  -5.54  12.79    -413.00        489       1289    0.09288     0.3219     -130.5
38200   33.79 -11.54  11.79    -412.96        238        953    -0.1146    -0.7936     -68.78
38023    8.79  -0.54  12.79    -412.80        142       1024    -0.0846    -0.5658     -17.64
38147   15.79  11.46  11.79    -412.62        265       1321     0.0378    0.09184     -4.316
38246   13.79  12.46  12.79    -412.14        396       1098   -0.05164    0.03854       -117
38294   22.79  -2.54 -25.21    -411.67        577       1179   -0.01093     0.1871     -173.2
38030   13.79   7.46  12.79    -411.36        655       1333   0.009744    -0.1109     -139.8
38272   14.79   0.46  11.79    -411.36        362       1272   -0.02492    -0.1419     -35.63
38228   16.79  11.46  11.79    -411.08        645       1241   0.007012     0.1103     -178.1
37913   13.79   8.46  10.79    -410.47        399       1539    0.08913     0.2429       11.5
38107   16.79   6.46  12.79    -410.37        399       1555   -0.07373    -0.2085       80.4
38295   32.79  14.46  13.79    -410.35        399       1010   -0.06133    -0.4352     -134.5
38230    8.79  -0.54  12.79    -409.90        204       1076   -0.08318     -0.527     -20.34
37941   21.79  -4.54 -24.21    -409.47        378       1069   -0.03221    -0.3216     -113.8
37887   25.79  21.46 -20.21    -409.35        586       1339   -0.05513    -0.1995     -85.62
38000   13.79  11.46  11.79    -409.19        679       1186    -0.1004    -0.1706     -171.2
38324   18.79  20.46 -23.21    -409.03        363       1325    0.01624     0.1519     -33.66
38374    5.79  20.46   6.79    -408.71        455       1164   -0.02897   -0.07498     -114.2
38096   23.79 -19.54 -13.21    -408.55        928       1599    -0.1595    -0.2886     -83.64
37929   27.79  26.46 -11.21    -408.29        288       1134    -0.1251    0.01767     -32.89
38331   26.79 -23.54  -6.21    -408.01        219        915   -0.06566    -0.1405     -105.7
38176   35.79 -20.54  -4.21    -407.97        377       1058   -0.05918    -0.3672     -106.8
38346   13.79  11.46   9.79    -407.84        543       1577   -0.03943     0.1325      13.62
37953   25.79  11.46  12.79    -407.54        328       1203    0.01488     0.3462     -72.39
38056   13.79  -5.54  11.79    -406.68        328       1131   -0.05823    0.09161     -70.76
38291   14.79  11.46  10.79    -406.36        470       1333    -0.0133      0.192     -62.93
38041   40.79   5.46 -20.21    -406.21        329        998   -0.04061    -0.0719     -124.3
38314   32.79 -17.54   7.79    -406.20        225        995    0.06678     0.5348     -134.3
37762   22.79  -2.54 -23.21    -406.18        842       1754    0.04173     0.5997     -71.89
38192   19.79  -8.54 -21.21    -405.96        934       1538   -0.02729    -0.1113     -152.8
38260   30.79 -23.54  -2.21    -405.95        314       1084   -0.02879   -0.04642     -87.92
38043   19.79  -7.54 -24.21    -405.66        270        908    0.03108    -0.4806     -145.4
38029   37.79 -14.54   5.79    -405.49        324        988    -0.1503    -0.8177     -70.26
38167   32.79  23.46   6.79    -405.17        426       1113   0.008634     0.1353       -137
37860   11.79  12.46  10.79    -405.08        400       1184    -0.0666    -0.1911     -65.77
37772   25.79  -8.54 -24.21    -405.02        245        868  -0.001935     0.1116     -158.6
38142   13.79  10.46  10.79    -404.84        408       1205  0.0001773     0.2017     -92.15
37843   42.79   0.46 -16.21    -404.50        493       1204    0.02946     0.1206     -132.6
37934   41.79   1.46 -17.21    -404.09        243       1082   -0.02535    -0.1345     -56.85
38381   20.79  27.46   2.79    -403.91        444       1206   -0.03135    -0.2547     -82.06
37897   24.79  -8.54 -24.21    -403.82        264        883   -0.01496    -0.2279     -144.9
37834   13.79   7.46  12.79    -403.62        260        978  -0.005141    -0.1438     -110.6
38376    7.79   8.46   9.79    -403.22        270       1204     0.1282     0.1785     -73.44
38395   15.79 -20.54   3.79    -403.19         89        769    -0.0952    -0.1107     -99.31
37763    8.79   7.46  11.79    -402.87        194        975   -0.01182    -0.4129     -74.54
38415   43.79  -0.54 -16.21    -402.85        446       1087   -0.06383    -0.7075     -106.1
38092   40.79   5.46 -21.21    -402.77         96        786  -0.001491    -0.1581     -121.6
38193    7.79  21.46   5.79    -402.01        198       1052    0.04076     0.1079     -75.87
38003   16.79   6.46  11.79    -401.92        611       1465    0.01881     0.1854     -71.53
37891   31.79 -24.54  -0.21    -401.63        169        860   -0.09055    -0.3292      -88.2
37703   18.79 -14.54  13.79    -401.55        516       1231    -0.1117    -0.4464     -68.64
37733   24.79  27.46   1.79    -401.41        345       1204   -0.03763    -0.2666     -38.53
38205   18.79 -17.54   9.79    -401.14        184        864    -0.0424     0.0319     -117.4
37920   29.79 -22.54   3.79    -400.92        257        854   -0.01516   -0.08091     -155.1
37803   26.79  -4.54 -23.21    -400.89        366       1166   0.003495      -0.56     -65.14
37783   32.79 -14.54   9.79    -400.85        470       1137   -0.04962    -0.3817     -107.7
38088   23.79  -6.54  15.79    -400.47        511       1106   -0.09999    -0.6039     -114.4
37933   36.79  -4.54 -20.21    -400.28        474       1259   -0.03134    -0.3225     -67.21
38325   25.79 -24.54  -3.21    -400.17        212        802   -0.09735    -0.1157     -131.5
37935   36.79  18.46  10.79    -400.12        310        880   -0.03439     -0.147     -157.4
38233   28.79  -7.54 -22.21    -399.95        537       1182   -0.02283    -0.6664     -115.1
38426    0.79  -4.54 -10.21    -399.88        576       1323    -0.2158    -0.2972     -27.43
37924   15.79 -20.54  -4.21    -399.71        287       1144   -0.04569   -0.05779     -41.47
37996   40.79   5.46 -21.21    -399.55        377        992  -0.006428   -0.04564     -150.3
38070   13.79  10.46  10.79    -399.41        543       1322    0.03555      0.114     -101.9
37873   25.79  -8.54 -22.21    -399.15        612       1366  -0.001635    -0.3158     -87.58
37944   34.79 -20.54   4.79    -399.14        177        780   -0.03075    -0.2113     -142.4
37921   39.79   1.46 -22.21    -399.07        274        972   -0.03555    -0.1569     -104.5
38093   33.79  17.46  12.79    -398.95        160        838   -0.01844    -0.1698     -117.1
38008   41.79  11.46 -18.21    -398.81        430       1065   -0.05824    -0.3416     -117.1
37874   41.79   2.46 -18.21    -398.65        164        820  -0.004477    -0.2039     -128.8
37928   14.79 -17.54 -13.21    -398.52        279       1053   -0.09567   -0.02987     -59.32
38363   17.79   9.46  13.79    -398.45        775       1384   -0.04004    -0.2328     -135.9
38160   25.79 -22.54   4.79    -398.39        403        931   -0.04878   -0.01759       -172
37939   20.79   7.46  12.79    -398.23        719       1627    0.03213     0.2984     -53.63
38186   42.79   7.46 -19.21    -398.17        249        903   -0.01024     -0.119     -129.9
38052   14.79   5.46  12.79    -398.00        307       1029    0.02189    0.09202     -118.5
37895   16.79  11.46  10.79    -397.90        770       1601   -0.04791    0.04698     -52.54
38033   22.79  21.46 -19.21    -397.79        688       1662    0.01001    -0.1519     -6.634
38428   15.79 -16.54 -20.21    -397.46        380        924    -0.1163    -0.6098     -126.7
38057    7.79  10.46 -24.21    -397.15        351       1053     -0.105    -0.3591     -74.09
38124   10.79  23.46   7.79    -397.03        259        903  -0.004798    -0.1668       -133
38071   15.79   8.46  13.79    -396.73        299       1031   -0.06837    -0.3447     -73.09
37842   11.79  10.46   9.79    -396.59        506       1469    -0.0171     0.1005     -9.277
38236   15.79  -4.54 -23.21    -396.56        577       1277   -0.04136    -0.3797     -92.76
37885   18.79   6.46  13.79    -396.44        472       1381     0.0274      0.153     -45.65
37852   36.79  -2.54 -23.21    -396.36        273        891   -0.02323    -0.2578     -134.5
37927   33.79  21.46   8.79    -396.34        306        949   0.009523     0.1794     -147.4
37778   28.79 -10.54 -23.21    -396.03        291        889    0.01511     0.1906     -167.1
37947   42.79  20.46   2.79    -396.03        302        924  -0.009363   -0.02151     -143.8
38210   19.79  -0.54 -27.21    -395.95        343       1027    0.01787     0.3025     -136.8
38137   33.79  23.46 -16.21    -395.92        273        991  -0.005823    -0.2045     -100.8
37718    5.79 -12.54 -10.21    -395.83        276       1018   -0.07289     0.1632     -82.06
38148   15.79  15.46  11.79    -395.78        345       1143    -0.1189    -0.2374     -33.78
37839   40.79   4.46 -19.21    -395.71        644       1309   -0.05333    -0.5173     -98.19
38312    8.79 -12.54 -14.21    -395.54        416       1090   -0.01052     -0.245     -115.4
38379   22.79 -10.54 -21.21    -394.76        562       1197   -0.08002    -0.7824     -93.28
37794   27.79 -13.54 -19.21    -394.43        926       1510   -0.06758    -0.5679     -123.5
38351   17.79  11.46  12.79    -394.38        337       1226    -0.1002   -0.08163     -6.264
37814   15.79  12.46  11.79    -394.33       1045       1575   -0.07548   -0.03264     -158.7
38097   10.79   3.46  11.79    -394.14        334       1200   -0.02507     -0.412     -27.86
37699   18.79   7.46  12.79    -393.78        305       1228   -0.02243     0.1113     -21.19
37898   30.79   9.46  14.79    -393.61        460       1196    0.01757    0.04989       -106
37759   17.79   3.46  13.79    -393.55        269        938   -0.04998   -0.02504     -110.2
37871    3.79  -0.54 -18.21    -393.42        617       1340  -0.005382    0.05666     -104.3
37741   39.79 -14.54   3.79    -392.81        316       1039   -0.09251    -0.8173     -51.34
37893   25.79 -24.54   3.79    -392.60        230        836    -0.0774   -0.08435     -124.4
38218   15.79   0.46  15.79    -392.54        326       1118   -0.02852   -0.02327     -66.49
38026   19.79  11.46  13.79    -391.76        442       1013  -0.008856     0.1312     -164.6
37706   25.79 -24.54  -4.21    -391.40        264        785    -0.1394    -0.2491     -133.7
37945   31.79  -1.54 -23.21    -391.25        322       1077    0.04683    -0.2979     -94.36
37800   14.79 -11.54  12.79    -391.22        252        982   0.001692   -0.01795      -99.2
38225    8.79  14.46  11.79    -390.63        302       1016   -0.01504    -0.2081     -94.28
37774   16.79  11.46 -26.21    -390.31        338       1194   -0.02727    -0.1298     -35.83
38058   18.79  -5.54 -24.21    -390.29        220        939   -0.04802     0.1342     -92.32
37954   20.79   9.46  13.79    -390.15        323       1020   -0.02252    -0.1684     -99.54
37909   32.79   1.46 -24.21    -390.05        530       1104   0.004087    -0.3482     -151.2
38253   17.79  11.46  11.79    -389.96        640       1479    -0.0478    0.07174     -42.17
37912   15.79 -11.54  10.79    -389.75        379       1217  -0.008526     0.3262     -61.78
37826   42.79   7.46 -18.21    -389.71        468       1085   -0.01717   -0.05165     -136.2
37802   14.79 -15.54   8.79    -389.62        309       1118   -0.01677     0.1146     -64.43
38235   34.79  18.46  11.79    -389.42        206        724  -0.007948    -0.1358     -175.8
38303   21.79  -6.54 -25.21    -389.12        417        983   0.007965    -0.3808     -153.7
37984   14.79   7.46  11.79    -388.92        757       1479   -0.08787    -0.5523     -57.19
38319   31.79  -7.54 -21.21    -388.90        543       1284   -0.03196    -0.7433     -60.61
37937   20.79  10.46  13.79    -388.50        719       1206    0.02131    -0.2426     -192.8
37708    3.79  -8.54 -12.21    -388.26        403       1115    -0.1678     -0.648     -33.67
38203   33.79 -23.54  -0.21    -388.25        235        901    -0.0488    -0.2812     -98.77
38292   15.79 -13.54  11.79    -388.18        275       1007   -0.07684    -0.1816     -66.88
38216   16.79 -10.54  14.79    -387.91        502       1222   -0.01518   -0.01677     -94.85
38034   18.79 -11.54 -22.21    -387.67        436        970   -0.06512    0.05904     -156.3
38278   40.79  -3.54 -17.21    -387.32        457       1232    0.03295     0.4133      -99.6
38136   28.79  -8.54 -24.21    -387.05        215        859   -0.01126     0.2067     -132.3
38403   29.79  23.46 -18.21    -386.62        456       1040   -0.02881    -0.2579     -136.6
38304   28.79 -21.54   6.79    -386.14        252        807    -0.0387    -0.1368     -148.4
37764   15.79   6.46  11.79    -386.11        598       1380    0.05423    0.04773     -91.01
37940   26.79 -23.54  -8.21    -385.81        236        881    -0.1014   -0.09324     -94.59
38333    4.79  -8.54 -12.21    -385.42        666       1363   -0.07939    -0.5733     -65.61
38079   28.79  25.46 -15.21    -385.25        253        938   -0.04998    -0.3112     -86.92
38307   36.79  19.46   8.79    -385.01        147        761   -0.02706    -0.1568     -126.6
38282   30.79 -10.54 -24.21    -384.66        429       1047   -0.01343     0.0954     -136.3
38400   43.79  14.46   5.79    -384.25        231        978    0.01596    0.02986     -91.14
37980   13.79   3.46  11.79    -384.25        510       1539   -0.03004      0.123      32.67
37738    7.79  12.46   9.79    -384.23        303        950   0.002666   -0.08591     -123.6
37845   16.79 -11.54  12.79    -384.06        266       1015    0.03725      0.309     -104.9
38004   20.79   3.46  14.79    -383.92        312       1079  -0.008529   -0.08413     -72.04
38112   15.79   8.46  13.79    -383.41        168        996   0.003375   -0.02128     -52.59
38110   33.79   6.46 -23.21    -383.35        648       1372   0.002754    -0.1152     -91.12
38251   24.79 -24.54   2.79    -383.34        255        813    -0.1095    -0.1432       -123
37819   18.79   9.46  12.79    -383.31        506       1265   -0.05252    -0.1589     -59.19
37818   18.79  -7.54 -23.21    -383.17        672       1114 -0.0001085    -0.2823     -197.9
37962   42.79   5.46 -18.21    -381.63        374       1021   -0.01152    -0.1675     -114.3
38355   35.79  24.46  -1.21    -381.25        549       1218   -0.05833    -0.5445     -79.82
38220   14.79 -12.54  13.79    -381.17        251        925   -0.07326    -0.3037     -80.48
37765   17.79  10.46  11.79    -380.83        634       1531      0.008      0.114     -27.85
37863   17.79 -11.54  12.79    -380.65        296        969  -0.004599     0.3824     -121.5
38157   42.79   5.46 -18.21    -380.60        431       1020   -0.02147    -0.1792     -133.2
37894   40.79   0.46 -17.21    -380.05        925       1444   0.002986     0.1355     -177.4
37768   24.79  -3.54  16.79    -379.97        111        924   -0.03845    -0.3655     -32.27
38177   15.79   5.46  12.79    -379.53        367       1126    0.06422    0.02113     -95.83
37965   21.79   6.46  12.79    -379.50        798       1641   -0.04159     0.3595     -40.61
37734   -0.21   3.46 -19.21    -379.49        122        962   -0.01269    -0.1338     -35.67
37936   15.79  -4.54 -24.21    -379.47        351       1111   -0.01094   -0.06437     -70.26
37866   25.79 -22.54 -10.21    -379.43        306       1023    -0.1424    -0.2301     -43.02
38212   22.79 -10.54 -22.21    -379.40        558       1202  -0.009279    -0.2671       -111
38104   33.79 -15.54   7.79    -378.88        792       1303   -0.06157    -0.4126     -143.6
38101   35.79 -19.54  -2.21    -378.77        330        977    -0.1741    -0.5248        -52
37952   15.79 -14.54   9.79    -378.17        292       1050    0.04375     0.2937      -96.9
38125   23.79  -7.54 -23.21    -377.38        337       1152   0.003875     0.1255      -56.3
38421   37.79  14.46  11.79    -377.19        163        875    -0.1253    -0.5891     -37.14
37739   32.79  23.46 -14.21    -377.13        368       1252  -0.004836    0.09735        -25
38194   15.79 -13.54  11.79    -376.99        345        940    0.02658      0.103     -150.1
38050   43.79   6.46 -18.21    -376.89        253        989   -0.07172    -0.6055     -42.81
38302   18.79   4.46  12.79    -376.70        638       1658    0.02047     0.4105      12.85
37832    9.79  -8.54 -18.21    -376.28        369       1147    -0.0575    0.08869      -50.5
37705   30.79  25.46 -15.21    -376.24        332        957  -0.003895    -0.1439     -120.8
37781   14.79   7.46  11.79    -376.19        566       1531    0.08519     0.5777     -33.07
37777   35.79  20.46 -19.21    -376.16        250        926     -0.055    -0.3874     -77.64
38293   39.79  18.46   8.79    -376.11        171        710    -0.1105     -0.447       -114
37836   20.79  -2.54 -24.21    -375.96        773       1476   -0.08187    -0.4295     -57.31
38243   20.79  -8.54 -23.21    -375.77        458       1141  -0.003478    -0.3173        -92
37923   37.79   5.46 -24.21    -375.75        445       1055   -0.04675    -0.1081     -114.5
38239    9.79   1.46  11.79    -375.71        305       1170   -0.06411    -0.4265      2.319
37724   21.79 -23.54  -3.21    -375.58        254        917   -0.02929    0.04714       -103
38011   46.79   4.46 -15.21    -375.37        257        878   -0.08697     -0.404     -88.76
38180   25.79  24.46 -13.21    -375.28        738       1565   -0.01199     -0.383     -29.39
37757   31.79  26.46  -9.21    -375.26        249        834   -0.02799    -0.2289       -126
37988    6.79  -6.54 -17.21    -375.24        487       1369   0.006214     0.1705     -29.42
38161   33.79  22.46 -18.21    -374.91        483       1054   -0.04019    -0.3602     -123.6
37876   23.79   1.46 -26.21    -374.68        480       1192    0.05881     0.4836       -122
37789   39.79  -9.54 -17.21    -374.48        166        982   -0.02857     0.1327     -43.49
38269   35.79   4.46 -23.21    -374.48        496       1118   -0.02803     -0.249     -109.8
37957   42.79  18.46   5.79    -374.28        305        876    -0.0356    -0.2214     -128.6
37755   15.79 -18.54 -13.21    -374.22        278        935     -0.104    -0.5954     -62.34
37700   27.79  -8.54 -23.21    -374.17        401       1072    0.01001     0.5505     -125.3
38091   42.79  19.46   3.79    -374.12        305        881  -0.002422    -0.2026     -136.9
37931   13.79   9.46  11.79    -374.05        330       1179    0.02856    0.06224     -44.88
38014   29.79  24.46 -18.21    -374.00        415       1128    0.03315     0.1761       -104
38019   29.79  27.46  -5.21    -373.99        289        997   -0.02631    -0.3575     -72.17
38308   25.79  -9.54 -24.21    -373.96        249        956    0.03737     0.2798     -110.8
38343   39.79   0.46 -19.21    -373.86        700       1185   -0.03918    -0.5776     -150.8
37997   29.79  -7.54 -24.21    -373.75        366       1054    0.02522     0.2893     -114.8
38131   35.79 -22.54   1.79    -373.70        252        855   -0.06719    -0.4331     -99.35
38005   17.79 -12.54  10.79    -373.70        690       1328     0.0287     0.1969       -133
38348    9.79 -17.54 -18.21    -373.68        121        656    -0.1387    -0.6023     -99.99
38024   15.79 -18.54 -11.21    -373.63        977       1580    -0.1467    -0.5181     -72.88
38299   29.79  23.46 -20.21    -373.63        217        977   0.004082     0.1808     -76.28
38328   28.79  26.46 -13.21    -373.57        309        940  -0.009516   -0.09306     -115.5
38171   12.79   9.46  10.79    -373.56        578       1403    0.05307     0.1579     -64.22
38360   26.79 -20.54   6.79    -373.14        985       1304  -0.006834    0.03294     -244.5
38154   29.79 -22.54 -10.21    -373.12        182        912   -0.02969   -0.08058      -69.8
38354    1.79  -9.54 -11.21    -372.96        151        737    -0.1344   -0.05362     -96.63
37823    4.79  11.46   6.79    -372.94        560       1277   -0.07982    -0.3546     -51.56
38064   36.79  16.46   9.79    -372.53        266        939    -0.0405    -0.4895     -76.49
38209   32.79  26.46  -4.21    -372.51        372       1052   -0.01624    -0.4772     -81.32
38036   27.79  -7.54 -25.21    -372.04        186        817  -0.006837    -0.4243     -104.9
38084    4.79  -5.54 -20.21    -371.99        301        954   -0.09051    -0.1018     -80.58
37799   26.79  -5.54 -25.21    -371.85        337       1002   -0.00457    -0.3881     -92.84
38418    3.79  -5.54 -18.21    -371.81        234        914   -0.07689   -0.02102     -76.11
37976   14.79 -11.54  12.79    -371.79        693       1267  -0.002388    0.03087     -142.4
38068   22.79  -9.54 -24.21    -371.01        341        977    0.02438     0.1106     -127.2
37749    1.79  -6.54 -14.21    -370.52        651       1164    -0.1149   -0.06775     -128.8
38259   34.79  25.46 -13.21    -370.41        226        918   -0.03613    -0.1044     -79.63
38151   36.79  16.46  11.79    -370.05        277        781   -0.06809    -0.2729     -139.8
38123   11.79  13.46  13.79    -369.98        242        869  -0.004815     -0.293     -108.9
38349   14.79  -6.54  12.79    -369.82        346       1110    0.08477     0.3632     -100.5
38181   17.79 -21.54  -0.21    -369.79        406       1031   -0.07948   -0.01733     -95.43
38010    6.79 -14.54  -6.21    -369.16        298        996   -0.03688    -0.2952     -70.03
37906   42.79  13.46   6.79    -368.87        221        944   -0.07866    -0.2052     -49.91
37713   30.79  18.46 -23.21    -368.84        336        997    0.07128    0.05728     -127.5
37754   42.79  15.46   5.79    -368.56        420       1035  -0.009215   -0.02648       -119
37752   16.79  26.46   5.79    -368.39        302       1034   -0.03589    -0.2552     -57.16
38080   21.79  -2.54 -26.21    -368.36        331        981  -0.009353  -0.007589     -105.3
38353   34.79  21.46 -17.21    -368.31        412       1079   -0.04737     -0.355     -76.64
38327   23.79  -9.54 -25.21    -367.76        337        938   -0.02019     0.1481     -125.7
38290   16.79  12.46  13.79    -367.59        474       1059   -0.06676    -0.3096     -104.3
38372   15.79   5.46  11.79    -367.47        637       1609   0.005706     0.1426      15.34
37987   16.79 -13.54   9.79    -367.38        430       1192    0.06785     0.3881     -94.58
38187   19.79 -22.54  -5.21    -367.11        337       1040   -0.00377    -0.1323     -80.81
38435   18.79  11.46  13.79    -366.77        234       1074  -0.006244   -0.02344     -28.19
38368   28.79 -19.54  10.79    -366.59        441        971   -0.01153    -0.2298     -144.2
38111   15.79 -10.54 -21.21    -366.52        602       1092   -0.08047    0.06002     -148.2
38140   37.79  -5.54 -23.21    -366.31        227        822   -0.02153   -0.03818     -120.7
37732   40.79   6.46 -20.21    -366.03        523       1012    -0.0419    -0.1757     -152.6
37901   40.79  21.46  -1.21    -365.91        325        929    0.01108    -0.1104     -124.3
38129   20.79 -10.54 -20.21    -365.86       1053       1415    -0.1332     -0.878     -154.8
38358   13.79  11.46  13.79    -365.78        348       1067 -0.0003464   -0.04781     -76.64
37717   40.79  17.46 -15.21    -365.33        499       1239   -0.03897    -0.3393     -47.46
38089   20.79  16.46 -27.21    -364.97        334       1126   -0.04572    -0.4916     -19.71
38224   33.79 -20.54 -10.21    -364.67        106        899   -0.00865    0.08176     -47.32
38184   38.79   4.46 -21.21    -364.39        273        897   -0.01932     -0.133       -105
38202   25.79  -8.54 -24.21    -364.24        420        964   -0.02362    0.04495     -140.9
37955   25.79  -6.54 -24.21    -363.87        228        935   0.004271    0.03798     -83.49
37771   43.79  -1.54 -15.21    -363.84        387       1089    0.02859     0.2945     -100.5
38274   22.79  -6.54 -24.21    -363.50        558       1069   0.001956     0.3893     -171.4
38285   35.79 -21.54  -1.21    -363.35        506        984   -0.08875    -0.4788     -131.2
37958   15.79  10.46  12.79    -363.23        626       1224   -0.08483   -0.02323     -97.88
38163   36.79  20.46 -18.21    -363.00        667       1336    0.03996     0.2415     -114.6
38366   10.79 -17.54  -6.21    -362.89        450       1270    0.03924      0.315     -56.11
37707   19.79  27.46  -3.21    -362.22        397       1422   0.002517    -0.4444      60.35
37967   19.79  -5.54 -24.21    -361.75        311        851     -0.107    -0.2922     -104.9
38078   17.79 -12.54  11.79    -361.26        543       1143    -0.1327    -0.4237     -68.75
37919   14.79 -13.54  13.79    -361.21        272        904    -0.1129    -0.2116     -68.19
38178   39.79   4.46 -19.21    -361.00        759       1249   0.005037   -0.01516     -166.1
37880    9.79  11.46  10.79    -360.46        182        910   -0.01396    -0.2018     -59.02
38396   19.79  -9.54 -25.21    -360.46        250        912   -0.01269    -0.1762     -86.57
38389   33.79  22.46 -19.21    -360.29        239        904   -0.01761     -0.171     -83.88
37868    5.79 -12.54  -5.21    -360.13        381       1221    0.02906    -0.3573     -22.13
38375   36.79  -4.54 -22.21    -359.69        203        822   -0.04462    -0.5869      -81.1
38309   42.79  15.46   6.79    -359.68        365        943   -0.01959   -0.02221     -121.9
38114   13.79   1.46  12.79    -358.65        458       1212   -0.02406   -0.01933     -49.25
38166    8.79 -10.54 -15.21    -358.63        971       1412    0.02919    -0.2245     -184.3
38098   22.79 -11.54  13.79    -358.35        377       1236    0.07845     0.4908     -53.01
37795    6.79  13.46   6.79    -358.23        731       1587    0.01961    -0.4473     -8.293
37719   30.79  20.46 -20.21    -357.78        158        856   -0.04895    -0.3362      -53.8
37813   33.79 -21.54  -4.21    -357.37        214        854    -0.1346    -0.4175     -48.46
37960   36.79 -18.54   4.79    -357.31        336        949   -0.06391    -0.5385     -76.78
37723   39.79   7.46 -19.21    -357.31        440       1176   -0.03781    -0.1156      -48.1
38252   42.79  -1.54 -16.21    -357.27        546       1193    0.02461     0.2283     -112.7
37824   40.79  17.46   7.79    -356.94        282        777   -0.00338    0.06394     -159.8
37837   11.79   2.46  11.79    -356.86        534       1277  -0.009924     -0.187     -51.08
38359   15.79   3.46  14.79    -355.99        405       1151  -0.007068    0.09159     -58.22
37797   10.79  13.46   8.79    -355.37        333       1180   -0.01916    -0.2278      -3.99
38338   14.79 -12.54  11.79    -355.06        396        940     0.0419    0.06772     -152.1
38042   25.79   8.46  15.79    -354.90        236       1030    0.08408     0.1838     -68.04
37986   15.79  14.46  11.79    -354.68        301       1084    -0.0768   -0.04627     -17.05
38132   26.79  -7.54 -24.21    -354.62        337        893  -0.008926     0.3487       -140
37710   26.79 -10.54 -21.21    -354.58        699       1198  -0.004677    -0.1578     -148.8
38419   24.79 -17.54   9.79    -354.51        301        850   -0.02072      0.101     -131.7
37994   21.79 -10.54 -25.21    -354.24        266        946   -0.03921    -0.1794      -65.1
38059   15.79 -13.54  11.79    -354.13        355        972    0.05024     0.1653     -127.4
38326   33.79  -1.54 -26.21    -354.10        295        949   -0.02661   -0.01325     -84.12
37830   13.79  10.46  12.79    -353.93        595       1219    0.01535   -0.02919     -108.1
38245   19.79   8.46  12.79    -353.77        584       1349    0.01837     0.1151     -56.74
37881   10.79  11.46   9.79    -353.62        355       1108    0.07202   -0.09945     -71.04
37883   21.79  -4.54 -25.21    -352.62        514       1183  -0.003285   -0.05889     -82.27
38037   36.79 -10.54   9.79    -352.48        580       1284    0.02656     0.3709     -89.98
37926    8.79  15.46   9.79    -352.06        177        835   0.005029    0.02643     -91.16
38264   19.79 -17.54 -15.21    -351.32        421       1170    0.05822     0.5015     -84.23
37711   35.79  21.46   5.79    -351.28        568       1127    0.02556      0.272     -143.5
37805   42.79  20.46   3.79    -350.63        284        889    0.01091    0.02521     -112.7
38139   24.79  26.46  -8.21    -350.07        392       1338   -0.03747    -0.4134      51.97
38241   33.79  24.46 -13.21    -349.87        249       1030    0.05145    0.07383     -55.12
38431   30.79  24.46 -15.21    -349.76        306        981  0.0005803    -0.1444      -75.6
38027   -0.21  14.46 -20.21    -349.56        156        656   -0.07855      -0.34     -115.8
38427   35.79  15.46  13.79    -349.42        106        698    -0.0503    -0.4188     -84.96
38215   16.79   4.46  14.79    -348.96        425       1139    0.04158     0.1081     -79.08
37949   18.79  26.46   6.79    -348.77        195        925  -0.005384   -0.07432     -52.92
38067   38.79   2.46 -23.21    -348.61        334        939   -0.02477    -0.0888     -96.52
37999   32.79  26.46 -10.21    -348.42        273        928    0.00878     0.2408     -96.27
38401    8.79 -16.54  -9.21    -347.93        273        809   -0.09091    -0.2757     -97.99
38183   21.79  -9.54 -25.21    -347.32        334        902   -0.03265    -0.2226     -103.6
38001   24.79  20.46 -21.21    -347.09       1079       1574   -0.03928   -0.04514       -136
38099   26.79  20.46 -23.21    -346.91        217        960    0.03466     0.1203     -63.72
37829   36.79  19.46   7.79    -346.84        315        831   -0.01245   -0.01896     -136.1
38165   44.79 -13.54  -0.21    -346.76        347        853   -0.06353    -0.3669     -114.3
38073   13.79   2.46  13.79    -346.69        643       1245   -0.01111    -0.4408     -89.33
37875   34.79  16.46  12.79    -346.45        238        691   -0.05859    -0.2813     -139.2
37769   20.79   8.46 -27.21    -346.19        365       1188    0.04689    -0.4136     -18.65
38386   13.79 -14.54  10.79    -346.14        383        919  -0.008797     0.1199     -132.7
37973   18.79  26.46   5.79    -345.78        408       1034   -0.03946    -0.2217     -76.89
38227   46.79  17.46  -3.21    -345.49        191        939   -0.02191   -0.08835     -37.07
37993   40.79 -17.54  -7.21    -344.37        342        904   -0.01876    -0.2016     -107.9
38219   14.79 -12.54  11.79    -344.09        484       1048   -0.04192     -0.255     -98.27
38048    7.79 -12.54 -12.21    -343.99        560       1205    0.04128     0.3136     -107.8
38262    5.79   7.46 -23.21    -343.62        323       1102     0.1079     0.3334     -74.38
37698   15.79   4.46  12.79    -342.49        631       1319   -0.05322    0.08968     -54.01
37867   17.79   4.46  11.79    -342.25        784       1684    0.04598   -0.03043      4.867
38120    9.79  -8.54 -18.21    -341.85        408       1203    -0.0294     0.2323        -22
38155   25.79  25.46 -18.21    -341.56        201        904    0.03508     0.2861     -79.47
38122   37.79 -17.54 -12.21    -341.44        274        995   -0.01053     0.4014     -61.92
38195   11.79  -9.54  13.79    -341.26        447        999   -0.04554    -0.1544     -102.2
38053   39.79   2.46 -21.21    -341.10        315        875  -0.003626    -0.1691     -110.9
38387   -1.21  13.46 -19.21    -341.08        194        766    -0.1033    -0.2183     -74.75
37892   40.79   4.46 -20.21    -340.86        388        955     0.0116   -0.02726     -116.7
38143   31.79  26.46  -6.21    -340.85        461       1099    -0.0143    0.03336     -82.36
38341   18.79   8.46  13.79    -340.24        319       1148    0.03019     0.1681     -22.74
37857   32.79  18.46 -22.21    -339.49        437       1040   -0.03694   -0.08012      -84.8
38226   14.79 -16.54 -15.21    -339.26        556       1174   -0.02951    -0.3621     -72.34
38373   11.79  11.46   9.79    -338.94        439       1231    0.04702   -0.09502     -33.39
38413   28.79  26.46 -14.21    -338.76        328        902   -0.02238  -0.009938     -102.1
37745   37.79  19.46   8.79    -337.95        441        938    0.02655     0.1617       -152
38310   23.79  -6.54 -24.21    -337.92        569       1096    -0.0268    -0.1678       -114
37736   24.79  -9.54 -22.21    -337.80        414       1107  -0.007783  -0.009493     -57.98
38086   21.79 -23.54  -2.21    -337.74        369        860   -0.04039    0.02973     -130.1
38222   32.79  15.46  13.79    -337.51        354        834   -0.01205    -0.1731     -136.7
38364   15.79 -11.54  14.79    -337.29        229        792   -0.05495    -0.3325     -85.63
38197   34.79  27.46  -8.21    -337.24        181        813   0.007106     0.1699     -91.67
37785   16.79   2.46  14.79    -337.18        789       1358    0.01655    -0.1385     -110.4
38025   45.79  18.46  -3.21    -336.28        436       1059   -0.02192    -0.1245     -76.77
38156   19.79 -22.54  -7.21    -336.27        407       1022   -0.03237   -0.06793     -78.52
37950   -2.21  -2.54 -15.21    -335.71        149        810   -0.05998    -0.1068     -50.11
38035   33.79 -21.54 -11.21    -335.70        852       1369    -0.1055    -0.4809     -82.83
37835   16.79  10.46  15.79    -335.65        270        927  -0.001665    -0.2258     -65.58
38085   19.79  -5.54 -24.21    -334.25        405       1021   -0.09758    -0.5303     -42.67
38425   36.79  26.46  -0.21    -334.18        203        769   -0.04033     -0.486      -81.1
38206   48.79  10.46  -9.21    -333.93        291        923    0.01184    -0.1075     -81.45
38175   29.79  -4.54 -23.21    -333.82        159        872   -0.03059    -0.7215      -17.8
38406   22.79   8.46 -29.21    -333.73        385       1032   -0.06861    -0.3839     -42.83
37702   45.79   9.46 -15.21    -333.67        349        878     -0.108    -0.5445     -73.32
38317   32.79  26.46  -8.21    -333.58        345        971  -0.003999    -0.1307     -78.06
37788   13.79 -10.54  14.79    -333.32        324        811   -0.08842    -0.4594     -98.22
37750   29.79  -4.54 -27.21    -333.17        239        911  -0.001997    0.09026     -66.48
38150   18.79  -5.54 -25.21    -332.67        177        863   -0.05318    -0.2107     -35.99
38281   27.79  28.46  -1.21    -332.45        186        882   -0.05358    -0.5138     -22.56
38405   41.79  21.46   2.79    -332.23        157        685   0.001555    -0.1826       -116
37796   20.79 -20.54 -11.21    -331.40        859       1376    -0.2125    -0.3143     -51.43
37816   29.79 -15.54  11.79    -331.23        727       1257   -0.04114    -0.3202     -97.28
37731   31.79  27.46  -7.21    -331.10        169        895   -0.02174    -0.4486     -20.72
38204   28.79  26.46 -15.21    -331.06        307        903   -0.05036    -0.4837     -63.04
38250   12.79  15.46 -25.21    -330.42        473       1242    0.01369      0.135     -30.98
38199   18.79  25.46 -18.21    -330.09        240       1035   0.005665    -0.1392     -9.616
38118   13.79  10.46  13.79    -329.70        447       1013   -0.02931   -0.09646     -91.62
38103   20.79   7.46  13.79    -329.41        451       1066   -0.01039   -0.04396     -78.98
37925   35.79  21.46   5.79    -328.78        556       1140   -0.04263    -0.4519     -68.83
38315   24.79  21.46 -22.21    -328.45        228       1037    0.02556    0.03232     -13.49
37801   19.79 -13.54 -22.21    -327.98        210        745   -0.01708    -0.1503     -104.3
37918   15.79 -13.54  11.79    -327.93        309        859    0.02825    0.04532     -117.8
38158   17.79  -1.54  14.79    -327.90        444       1220    0.08328     0.5532     -59.07
38417   26.79  -9.54 -23.21    -327.34        512        962  -0.009661    -0.5064     -129.2
38321   29.79  -8.54 -22.21    -327.29        214        859  -0.006001    -0.5005     -52.47
38083   15.79  15.46  13.79    -326.63        167        746    0.00806  0.0004248     -97.46
38362   12.79   8.46  13.79    -326.45        326        903    0.01655    0.04964     -102.1
37904   21.79  -0.54 -28.21    -326.08        177        790   -0.01983    0.09323     -77.73
37902   15.79   8.46  14.79    -325.13        242        890   -0.01035    0.08061     -65.24
37870   29.79  27.46  -8.21    -324.25        463       1037     0.0111    0.07412     -100.2
37995   36.79 -21.54  -1.21    -322.69        305        803   -0.01163    -0.3586     -109.2
38267    9.79  14.46  13.79    -321.45        258        835   -0.03493    -0.3231     -70.48
38322   18.79  -7.54 -25.21    -321.37        475        997   -0.05562    -0.2687     -87.82
38254   35.79   3.46 -23.21    -320.88        280        876  -0.008882   -0.03435     -78.79
37810   14.79 -13.54  11.79    -320.35        220        797   0.009489     0.1687     -97.45
38065    7.79  -9.54 -15.21    -320.09        569       1159   -0.06358    -0.5795     -47.63
38075   27.79  20.46 -23.21    -320.08        161        878     0.0248    0.08312     -43.22
38433   18.79  10.46  13.79    -319.80        411       1195    0.08668     0.1061     -35.39
38031   34.79  27.46  -6.21    -319.79        287        859  -0.003684     0.1755     -95.15
37758   13.79   0.46  14.79    -318.16        210        964   -0.03008    0.05339     -9.137
37751   20.79 -12.54 -23.21    -317.29        349        777   -0.02985    0.04761     -138.6
37822   36.79 -20.54  -5.21    -317.00        163        883    0.02456     0.3455     -46.73
37709   43.79   6.46 -20.21    -316.77        212        809     -0.013    0.06886     -76.14
37968   29.79  10.46  14.79    -316.65        424        962    0.03395    -0.2638     -103.7
38347   36.79 -22.54  -3.21    -315.31        189        761   -0.01607    -0.2119     -75.33
38391   43.79  23.46  -2.21    -314.37        311        863  -0.004738  -0.006054     -91.97
38240   22.79 -22.54 -11.21    -313.80        196        852    -0.1502    -0.1932    -0.5404
38300   18.79 -10.54  14.79    -312.70        233        914    0.06399     0.4767      -73.8
38287   30.79  27.46  -9.21    -312.56        147        847    0.01693     0.2444     -44.97
38345    8.79  18.46   8.79    -312.08        382        858   -0.01095    0.09753     -121.3
38256   28.79  11.46  14.79    -310.09        489       1064   0.003203    -0.1196     -77.47
37790   35.79 -19.54   6.79    -309.80        201        676    0.01543     0.2243     -131.2
38145   45.79   5.46 -17.21    -309.48        440       1020   -0.08742    -0.6399     -32.06
38189   26.79  24.46 -19.21    -308.84        232        720   -0.02179    -0.1065     -103.9
38012   13.79  19.46  10.79    -306.31        310        856    0.02059  -0.009485      -93.8
37979   14.79  10.46  14.79    -304.97        270        872    0.04332    -0.1517     -72.61
38283   37.79  20.46   5.79    -304.22        702       1168   -0.04507    -0.4538     -90.68
38169   26.79  28.46  -1.21    -303.24        158        879    0.04354     0.2262     -34.68
38350   31.79  24.46 -15.21    -303.02        592       1050    -0.0498    -0.5207     -89.25
38229   38.79  -1.54 -22.21    -302.73        260        790   -0.03876    -0.4882     -64.46
37811   -0.21  11.46 -21.21    -301.96         96        606  -0.004546    0.05712     -98.31
38141   30.79 -21.54   6.79    -300.97        145        664    0.02573    0.01462     -101.5
37981   32.79  22.46 -19.21    -300.38        659       1152    0.03712     0.1792     -119.7
38397   38.79  18.46   8.79    -299.35        386       1102   -0.04514    -0.4113      12.93
38411    9.79  15.46  12.79    -299.04        430        889   -0.01973     -0.251       -102
37914   20.79  -5.54 -25.21    -294.80        360        779   -0.03686     0.3317     -126.1
37859   28.79  -6.54 -26.21    -294.63        144        645   -0.03298    -0.4306     -71.42
38334   23.79 -11.54 -23.21    -293.24        292        847    0.02275     0.2705     -86.18
37792   23.79  -1.54 -28.21    -292.07        224        665   -0.08045    -0.3972     -79.62
37851   38.79   2.46  15.79    -291.62        255        837   -0.06007    -0.2919     -32.04
37844    3.79   3.46 -21.21    -290.70        388       1041  -0.006497     0.1652     -32.51
38038   19.79  25.46 -15.21    -286.80        359       1155   -0.03519    -0.3442      52.48
37726   15.79  -6.54  13.79    -279.43        774       1328      0.049     0.4072     -84.74
38182   25.79 -20.54 -18.21    -274.98        238        704   -0.02136    -0.2163     -75.68
38046   11.79  12.46  14.79    -268.97        313        777   -0.03741    -0.2972     -63.23
